7672.929208849388
8004.07191219635
7894.25312281893
7260.69843980853
8087.633046159636
8074.153632290374
7824.3124767486215
7765.630796017478
8049.869011413223
7541.53360063537
7294.640323030347
7695.205099017811
7806.348694951194
7913.217062217845
7542.2016
7868.333258713981
8168.593961312121
8064.118647981026
7787.4077581172105
8276.609117735294
8056.615114331954
7887.11301432291
7771.08496726262
8157.179081069987
7744.664222311093
7766.153845597228
7802.374273805108
7780.00400377751
7808.325861001122
7547.107980902378
7942.030311558134
8061.07801811403
7930.389310724488
7774.5612272474
8023.822466177585
8188.1838698077
8132.210726945487
7595.357975816031
8000.062255526533
7899.8702511040265
7564.9252111190735
7623.040102609814
7984.7572200893455
8164.411882857912
7934.729328053411
7798.7072579777205
